$ANSIBLE_VAULT;1.1;AES256
36323265316166633030333833656334323535333564353337643763633064663531316636363736
6334383461353639666337356332623865633731393261340a363734366263613836303537653633
32366464363862343564643635323461346439643736326635626439333435326536613865383764
6234306566363064310a633462376633336162343434643735303639633135626264353564366430
37336231306337356264353235313539306236383662303035643430316436326539643065633061
62653036313337316263336639323633313336633465323066373837353535656431653838306234
31633938656565626132393438626134383132306638623735323436333663653061393233363363
36646531663538346239336563353632393838313561363363393062633839663263643239303562
33303238646139373235303964343461646637333830633761306231363836633866373339303034
34396533633163643531623434656432333166386462336433383737333462616463653461333662
34333262663738663365366463346566323663353133653762343465316531343134356330643235
32343265633937376662313463633834326161386235303163643735613737373433346364643165
38656566376664643563326531326238343461363633323632373866643832323537643663353935
36343964656266353266323765613962646439313930316436666131383230353538386237393839
61376566653132643131663462613533343463316136623037633763353662633936313864343832
38303665613663363838393638353639616561363137363237313264336433663435333861663333
66663638313533623039306433623531633430316262363862396333323937336536313065326662
31376633663430363865306631616663633738346234356565383130616264316530383965326431
64366464613933303630623131376438663031633034666365336331333837626432636230303335
34383236366133306338333366376565326361333566303834643031356431306565653630636365
65303466303961336366373535353339393739643031626665323664653233326362343534383433
34643033613162663739636430613566646361303865323535633061343166346133363063313564
31623266323464313934613833366637643134376334633435616331336266353965373930323235
37626633326630636163323166313330376333666136653135353734373634346136363435613633
36353735376138383365363764363736343764633331623062323338333161616530346630633936
38323533353738346662356435316531366566666134323862363263626336306336323636616635
65393731666432393838666461386531633539353635393136303739663739623230313666306534
36323735333662643765633038316439303337366339393138626263626132306664386330313738
65313332383364643462343939666237393366336235643230343833396463666137313064373363
35313662323135326165373437616264613735356364373430346630643233643337386339383236
38396165383331383036323033323961653033376265396361336139393235386235366637613532
39393135313166646139346133663533316565336639326661643566626564336164653733326532
37616536613337373835323364356133326562626234666163313433653763323539623236666335
66303462646362376231383836333139353630653561336632333535353434373539356332353237
33313966353561643632663066313536666562336338343237323766373166613831343335396332
39353432323739393765636365343631646663643234353464383264383565616330653034656239
66316434383437303065356230336139623666333061653165336337333338666463383938656630
34613031316365326333353164303834336163616164646635653339396361663363616265623639
33396466366235393331383833666136343234323239363133373566336438376239373462323262
31633230363733393661343662613735313632393130383066623262366134386563636631306233
64346536663032356238656261633138643765373638313838343565373430323165346436363130
64303563346337326630613539306463616238386139366332336364336332316536633833373466
63643865613165623136613435326332666465343835336163366530373632623965313063643238
34633739343838653837323662346466613763323238656432326135323661653762393634356634
30626538653637643362343134613264346238623664643739363238343838653462643165623130
66663534393966653137396661643264643163633935666437613863366435343361626536356139
65663063326130643264313431356139633934643431306666303632393966653036393332396432
33376338383663623030353861616233656532356530356336393666396238646539303734643331
36633263353532396433663637633433393037363064393766343965643334353065626236396164
38373464643064306334623166303965303731356637316636663932643362386465666134626564
33666631333265303034623237366435613066643962626364613736613961616531626139643461
66613138613461346136396137313532353934626366353663363461396663393765623932336564
62373465613333333338313266376436343830356635343261306139393430393034353231366435
30653437663664323338363736613539323235613137626164633361616637356234383566366263
62383231396165326333313632366338396239656331623539623463323931383466653831333961
64376630313030386530366134626638626139396265303831643335333561356137616562363363
34646138353266626266313863326565653035313530636333336661663832346530376537376163
32383330623136633462303639336266383764656139356666353364666338343132373632343231
64613062626561646131343764666133366639383934653336653061373462366562346561313366
35376261373238333331663764626435623033633238616635646166356234323830343931393732
39323961316461393333366263353633356662613038663963393834396165336464316538616564
37613032613433346535633831623736303563323233633861316230373537616230386539376435
31396136643666353235363662343634633836386161626132363838353861363632393233363461
35636235313836663865626563363663623832646335636366633464303232633939376465613331
35626138376632326333366439656231313731323265336630663261333739643964373365616639
36396637363964373563396665663562366134633462643731653535613963356639323936326461
63326438383361313739396135633933646634613636386231666666633765326535636632333237
35636135336134636136633439313838363939613365643062663737353733303231393062643864
65393733393730343632373236653762613335626665363161313236633036663431356364626634
62663264663163366361393037303035653536643535643338386538316330386436633566646631
32613535356133396665393337333737663136303134366363393433653934363866333838353433
65396434313265346536316235323036666534366436393032373032333331643739333862336132
32333935343362316161656563643638653330646266323465313632333162663561386333656432
63333165663863393031613962353863366663323564356263323165353762623633353630613564
35373365396562663430303236393061303636323336663232343238303966656132303135656334
38306130393166316339633537363663303533373034393661386266306633646433666562343837
31623831346434333566383037303432386238316462633663383936393630353739386563656635
66656138316435643262666632626464346337643638343465313335323563333163373362306337
37616661393434326538613937306632363532393939616336616633353963393334663764363061
34306337633534636433373632366165623864643966663233333663313831656664386362313936
63373533363830386666666537646538376635636364623230656630343739356563643738623761
39373435653034336565343331613032303364366361343132383837303464663033353430326561
64326436323133343031353063316538313861353161323734633761623039333739333835666133
66353937643463313735623438393533633235646533633736323463616162633561663932663432
31643533626261343636616636356136643635303163623864643164623763373561353134363462
35653934313165386233346666336235303736373639323731373437663263366531636664653830
39313039653434666137653739623262633335656164663632323139383537663264313234313632
32326437366230353161
