$ANSIBLE_VAULT;1.1;AES256
35353732323662356165316231643433316263316238333163323563356262376535666662363165
3639616230656266636164666434316531306639636365340a653066323238303031336132333438
38626237636237383037343064343434326133316230633362306432656266656130383030646239
3230623566356330650a373232626333356133383139616534376339336239643364363333653636
38616637666232363834363930653534633038333836386262623966636664343133343266333566
66363037356633643236353632646130666439383763323066343536636366383835643237643635
31336536383462376638363639626464633161653666643136663232623361626564343031353661
34396535326362643363363235633335306563656630366465373638353333363966626338346561
62303530626563336635646539626563386236613665653831633939386462643935383766313130
65306461393133393961333065366663306237333533363636646336383039353236663636393065
62353164333539663664326437346635326531646239626133306162333161623862653138656138
31363766646636626539313432626438326539643432653063646138366161636331316239353038
64326632366238353264393739643038633863303163326264313837613563313663366663613032
30616531366139663934363731653233343930303366663731323930336638363839323432323236
65373662383562396562323839336365653835616131363536316239616638363032323331373339
30373266316464323766623064343836306335613532643032613966393033393064643436333461
62316466633432326539623433643835343334646239363766336335323464666638323235613864
38306561396136643039333766383532316233343937376137333362373030303838326538333733
35653662346434383736383264653163636136376164386635343836346162653634386662623830
30643665666435616564373931333264303232636531646539346330376261353734383939383661
32393464623430333964613539363762353961613636303938313863303339366338303361373163
64636135316666373661633837613733626265393736313832616130303336346164613532623633
32643138343232366239373061356437653438306437326636313431343134623734376365343666
39303032333561373362313937323330383866646363373431383237333432363363336565333137
33383735383333613164636664656531386162343733306133366630643236613236646339656466
64663630396163666238643236663863336164353062373136653665396637386666306536313337
36363032613663393736616532613133316430633732636538663262383833333433633732376234
62306232383837616366333566303163633266313139323835646235613238393636373261613533
35333833636565663133623036393230636636376531373038353662393366643932666436326236
31636134633061356462613536393361323933393738663632376363316234353061353064626165
37663962613132373661613336656133353631386562366434636165376436343566363137336564
30663238386530633138313932316263356365346165316163313064313138383833613163663438
64363233336238353363613239653735333238396238633931333234366231376633386432373431
62396462666166386538646465616161353463616164336561626135633264656163393831346561
37646666376438323535333733376539666133663639343364353265306366363531653037323965
38323837326361303566356165363063323763346535666466663765616135353833353934626663
39316264336233633263613535303536373939613965326433326465623464333131663037333661
63663664656165363665343236343835623734306464393162373863383963393037316161376463
39613464666337623139613930666431666362313364646566643862363333666262636637343864
33613133313835323662396232623866353134306364333235626136306232346663333630643133
66333139623561666331623739383365336137346130653435373335396134306666346632613634
39386132623730353361386461656662363665313333376639343161646666613233363961656131
61313534633339313765373332333163346133616464323733636339623839376233643334333738
31346338366162353361643230626539643836313836396264623966376431383833666165386331
31363863333531616362393433663062653466303463393337643037306533393934303966383339
37313433666532383161666264633435316361383165626439636630306134633637306330303530
30383737616530376366613862643739323633666366333637333436363334373138303365303637
37366261663539363461643038306634353039303765633832313166336533333434346563353835
39333731303665363738653564613666663761623764646439356561386239323239326437303239
31376563356631656238303031386332626261313365376462643636373864366363623339323836
35623735393266633237366130656535393365633961643939383464313836623861313565393465
36643665353865303761663861653738313530376431613932313962303832346663333766663737
35616562393962336666633038623666393465663665323934653534666262393338363835653966
32326437626330663931333939356261646533343964363530303335303931613436613530636666
37666566383362616235363135653462646564613538626265333136303533613036626233373235
33373837636634393839373963663366373032643631346132623530306239623562393038663064
39363363303364393533653232363138633135363139373065393934333465663433653361363531
63373837653665386639333538306462306365343235333531396563633034336536646434353732
30613431613830373537326163616461323438393834303862353833366535363632613466323336
33356364386664653332346162326431663466643533363434373131643262363336656463396536
62376539376238393738656362626139376133356338653461663361323639346130616133386535
38353464373762373961383837306534666133326139366563346161643466633635316439373937
62316637663131303733623939326537646165663631626665613964626263623337613035313165
62333131336432643430383066366336346462303366313139306635633630643365656530653462
65383066376463333638623032353830313466656331313766633162366634643833346531653036
34666336663035316336346562316531373762643865363337666330363165306436313038353334
62323438343233656632383532303639656337326361346330323732313539356366616662373937
61343566616530666532336630336432366661386361333836336139343266393062343837636137
34393264633630373833356363356536393434666336663538646332396539336237386130303339
37656463346362326638623433396362373666383863326431386230363339306238333732376433
37313364366264373932653065396163373031656638613165616663343436323632346561306139
32336435643730633438656234313162613738353366653430643164373164643538623138396232
33633533363363643433303162383330366539636462623739366438323365363563353264333931
37373635616331626435333838373033306562666464623930393531663831366565646330343366
32626362303139343937653061326561313166393164613437326331386566613030373833613765
64333461636134386539383132313762643331623232313665623338666466363061316335613734
35313635396632626634313361326663326635353836613030386262616265386662303639316237
35363765666532336165623033386131346164316461396339633230313634333334363636623162
35343066383761376132636539306332353564373034346562653563373466343439346534616563
32666662663862636638633761363933346135366661646130323330366363366562396430336630
61633766653261376434663964313738666438346437366234373835643236653138653932396166
38616434656561393739646663623336386531393264383961646439623130383963363035306331
35616530383030643861323730636564623637636536646331646436386265363062646462633338
35613833623163343633326166383532346339616431633965396564636639336531396437633765
39363365373134663464626361396535323539393030636438316435343834363831306431313936
36646362616139356333386366383538326265343239323534326638666162653435326266646539
62316334323939333262326639316338623162306339353062313239323963393236373863333138
36646366666531383434
